    0.0000000000000000 0.000000000000 0.000000000000 0.000000000000        1.8205997745494245        0.0013972097567072
    0.1886111111111111 0.000000000000 0.000000000000 0.188611111111        2.1346421152996751        0.0014742826940950
    0.3772222222222222 0.000000000000 0.000000000000 0.377222222222        2.8513280847504494        0.0031124536027521
    0.5658333333333334 0.000000000000 0.000000000000 0.565833333333        3.2891598757292502        0.0043813698737999
    0.7544444444444445 0.000000000000 0.000000000000 0.754444444444        2.8667820779577831        0.0034334654883440
    0.9430555555555555 0.000000000000 0.000000000000 0.943055555556        1.8343283401659169        0.0016103047947026
    1.1316666666666666 0.000000000000 0.000000000000 1.131666666667        0.8919265541681543        0.0011249188022093
    1.3202777777777777 0.000000000000 0.000000000000 1.320277777778        0.3672503797494425        0.0008243264531641
    1.5088888888888887 0.000000000000 0.000000000000 1.508888888889        0.1560632965592883        0.0004818028489375
    1.6974999999999998 0.000000000000 0.000000000000 1.697500000000        0.0824371431177438        0.0002828779725129
    1.8861111111111108 0.000000000000 0.000000000000 1.886111111111        0.0544765412993394        0.0001837168884353
    2.0747222222222219 0.000000000000 0.000000000000 2.074722222222        0.0408603950944902        0.0001843923091594
    2.2633333333333332 0.000000000000 0.000000000000 2.263333333333        0.0329665797531396        0.0001962561873507
    2.4519444444444445 0.000000000000 0.000000000000 2.451944444444        0.0281761018886265        0.0001917316033564
    2.6405555555555558 0.000000000000 0.000000000000 2.640555555556        0.0252354766736861        0.0001868088405256
    2.8291666666666671 0.000000000000 0.000000000000 2.829166666667        0.0234314984178214        0.0001814838153999
    3.0177777777777783 0.000000000000 0.000000000000 3.017777777778        0.0223946132452729        0.0001570373084024
    3.2063888888888896 0.000000000000 0.000000000000 3.206388888889        0.0219438401306817        0.0001500979500864
    3.3950000000000009 0.000000000000 0.000000000000 3.395000000000        0.0219066080725185        0.0001811655705886
    3.5836111111111122 0.000000000000 0.000000000000 3.583611111111        0.0221475618721838        0.0002138645277920
    3.7722222222222235 0.000000000000 0.000000000000 3.772222222222        0.0227156260958197        0.0002238229158972
    3.9608333333333348 0.000000000000 0.000000000000 3.960833333333        0.0237822140068508        0.0002128178121715
    4.1494444444444456 0.000000000000 0.000000000000 4.149444444444        0.0255418589661248        0.0001890052031659
    4.3380555555555569 0.000000000000 0.000000000000 4.338055555556        0.0283385418395616        0.0001640890547682
    4.5266666666666682 0.000000000000 0.000000000000 4.526666666667        0.0329128450677365        0.0001672440596343
    4.7152777777777795 0.000000000000 0.000000000000 4.715277777778        0.0406473980488743        0.0001895445023592
    4.9038888888888907 0.000000000000 0.000000000000 4.903888888889        0.0542678345025629        0.0002053097441522
    5.0925000000000020 0.000000000000 0.000000000000 5.092500000000        0.0824140163876025        0.0002424196096027
    5.2811111111111133 0.000000000000 0.000000000000 5.281111111111        0.1561811011410850        0.0003607145849446
    5.4697222222222246 0.000000000000 0.000000000000 5.469722222222        0.3670592937282075        0.0006406357730456
    5.6583333333333359 0.000000000000 0.000000000000 5.658333333333        0.8907251124821735        0.0007998395547196
    5.8469444444444472 0.000000000000 0.000000000000 5.846944444444        1.8325296372669915        0.0013592930414290
    6.0355555555555584 0.000000000000 0.000000000000 6.035555555556        2.8668407573217252        0.0029820789161704
    6.2241666666666697 0.000000000000 0.000000000000 6.224166666667        3.2922087451796336        0.0038175063577817
    6.4127777777777810 0.000000000000 0.000000000000 6.412777777778        2.8548800172625080        0.0030630134713209
    6.6013888888888923 0.000000000000 0.000000000000 6.601388888889        2.1363876619458000        0.0019193518514558
    6.7900000000000036 0.000000000000 0.000000000000 0.000000000000        1.8205997745494245        0.0013972097567072
    7.0567363913475960 0.188611111111 0.188611111111 0.000000000000        2.4131125661204247        0.0014252242803884
    7.3234727826951884 0.377222222222 0.377222222222 0.000000000000        3.2532089730843423        0.0026204931937912
    7.5902091740427808 0.565833333333 0.565833333333 0.000000000000        2.6209678197386004        0.0027726534596635
    7.8569455653903733 0.754444444444 0.754444444444 0.000000000000        1.1589285274416585        0.0016948247601470
    8.1236819567379648 0.943055555556 0.943055555556 0.000000000000        0.3411853098534826        0.0007203402416662
    8.3904183480855572 1.131666666667 1.131666666667 0.000000000000        0.1116926411935700        0.0004334090767636
    8.6571547394331496 1.320277777778 1.320277777778 0.000000000000        0.0592841130407786        0.0003766390107456
    8.9238911307807420 1.508888888889 1.508888888889 0.000000000000        0.0435068548180197        0.0003211476646452
    9.1906275221283344 1.697500000000 1.697500000000 0.000000000000        0.0394562261053552        0.0002508879993824
    9.4573639134759269 1.886111111111 1.886111111111 0.000000000000        0.0436731199783855        0.0002191321437776
    9.7241003048235193 2.074722222222 2.074722222222 0.000000000000        0.0595552002193538        0.0002426611144244
    9.9908366961711117 2.263333333333 2.263333333333 0.000000000000        0.1121912347446100        0.0003687885888234
   10.2575730875187041 2.451944444444 2.451944444444 0.000000000000        0.3417351520736667        0.0007544729233883
   10.5243094788662965 2.640555555556 2.640555555556 0.000000000000        1.1603312593972750        0.0013583354226276
   10.7910458702138889 2.829166666667 2.829166666667 0.000000000000        2.6235732510424334        0.0016425025640746
   11.0577822615614814 3.017777777778 3.017777777778 0.000000000000        3.2532364360217412        0.0017983573058975
   11.3245186529090738 3.206388888889 3.206388888889 0.000000000000        2.4114082811375166        0.0017730763490060
   11.5912550442566662 3.395000000000 3.395000000000 0.000000000000        1.8201890787424668        0.0011446900453218
   11.8579914356042586 3.583611111111 3.583611111111 0.000000000000        2.4119943720824337        0.0013707599083208
   12.1247278269518510 3.772222222222 3.772222222222 0.000000000000        3.2516482033701419        0.0020753112657301
   12.3914642182994434 3.960833333333 3.960833333333 0.000000000000        2.6190984264006580        0.0024067582293924
   12.6582006096470359 4.149444444444 4.149444444444 0.000000000000        1.1574887920636001        0.0016137003490040
   12.9249370009946283 4.338055555556 4.338055555556 0.000000000000        0.3412110612727842        0.0007886833241111
   13.1916733923422207 4.526666666667 4.526666666667 0.000000000000        0.1117807243873208        0.0003958251982378
   13.4584097836898131 4.715277777778 4.715277777778 0.000000000000        0.0594440886250600        0.0001938610783392
   13.7251461750374055 4.903888888889 4.903888888889 0.000000000000        0.0439179758811941        0.0001982089940401
   13.9918825663849979 5.092500000000 5.092500000000 0.000000000000        0.0398319635487746        0.0002211785115586
   14.2586189577325904 5.281111111111 5.281111111111 0.000000000000        0.0440644697634555        0.0001996532513267
   14.5253553490801828 5.469722222222 5.469722222222 0.000000000000        0.0599756580695400        0.0002661148704388
   14.7920917404277752 5.658333333333 5.658333333333 0.000000000000        0.1124262574584792        0.0003428396955979
   15.0588281317753676 5.846944444444 5.846944444444 0.000000000000        0.3413832136023434        0.0005989887192622
   15.3255645231229600 6.035555555556 6.035555555556 0.000000000000        1.1589393047932084        0.0012846233265674
   15.5923009144705524 6.224166666667 6.224166666667 0.000000000000        2.6230848629463916        0.0025642642940025
   15.8590373058181449 6.412777777778 6.412777777778 0.000000000000        3.2553027174400415        0.0038827013342884
   16.1257736971657373 6.601388888889 6.601388888889 0.000000000000        2.4133259058051162        0.0021472206941219
   16.3925100885133297 0.000000000000 0.000000000000 0.000000000000        1.8205997745494245        0.0013972097567072
   16.7191941158297936 6.601388888889 6.601388888889 6.601388888889        2.6497507247377583        0.0022606854880180
   17.0458781431462576 6.412777777778 6.412777777778 6.412777777778        3.1750025832365831        0.0042395265938809
   17.3725621704627216 6.224166666667 6.224166666667 6.224166666667        1.5982666491689084        0.0026255127161006
   17.6992461977791855 6.035555555556 6.035555555556 6.035555555556        0.3867192200460517        0.0007005852605619
   18.0259302250956495 5.846944444444 5.846944444444 5.846944444444        0.1006160572392552        0.0003500484823424
   18.3526142524121134 5.658333333333 5.658333333333 5.658333333333        0.0511526626474365        0.0001933724519720
   18.6792982797285774 5.469722222222 5.469722222222 5.469722222222        0.0369771597222628        0.0001271861744483
   19.0059823070450413 5.281111111111 5.281111111111 5.281111111111        0.0323773542484374        0.0001778874215874
   19.3326663343615053 5.092500000000 5.092500000000 5.092500000000        0.0313704343696361        0.0001875358285845
   19.6593503616779692 4.903888888889 4.903888888889 4.903888888889        0.0320078009950392        0.0001935389345817
   19.9860343889944332 4.715277777778 4.715277777778 4.715277777778        0.0325998428070373        0.0002300754130300
   20.3127184163108971 4.526666666667 4.526666666667 4.526666666667        0.0321587660042549        0.0002085990508084
   20.6394024436273611 4.338055555556 4.338055555556 4.338055555556        0.0307658171729802        0.0001911980656492
   20.9660864709438250 4.149444444444 4.149444444444 4.149444444444        0.0285299410018093        0.0001490309328114
   21.2927704982602890 3.960833333333 3.960833333333 3.960833333333        0.0260355464704373        0.0001084603365405
   21.6194545255767530 3.772222222222 3.772222222222 3.772222222222        0.0238846170597882        0.0001395723360817
   21.9461385528932169 3.583611111111 3.583611111111 3.583611111111        0.0223322432335523        0.0001294251696859
   22.2728225802096809 3.395000000000 3.395000000000 3.395000000000        0.0217702594169794        0.0001068002593581
   22.5995066075261448 3.206388888889 3.206388888889 3.206388888889        0.0222159408288258        0.0001182635728132
   22.9261906348426088 3.017777777778 3.017777777778 3.017777777778        0.0237124352229251        0.0001293438130929
   23.2528746621590727 2.829166666667 2.829166666667 2.829166666667        0.0260505287805263        0.0001509811261954
   23.5795586894755367 2.640555555556 2.640555555556 2.640555555556        0.0285649297814767        0.0002340327618943
   23.9062427167920006 2.451944444444 2.451944444444 2.451944444444        0.0306611652744320        0.0002783638888920
   24.2329267441084646 2.263333333333 2.263333333333 2.263333333333        0.0320901617328667        0.0002274751405766
   24.5596107714249285 2.074722222222 2.074722222222 2.074722222222        0.0322971085547639        0.0002211634958200
   24.8862947987413925 1.886111111111 1.886111111111 1.886111111111        0.0315205536960790        0.0002017620571545
   25.2129788260578565 1.697500000000 1.697500000000 1.697500000000        0.0311639945518682        0.0001825954250983
   25.5396628533743204 1.508888888889 1.508888888889 1.508888888889        0.0323070995245996        0.0001834420843264
   25.8663468806907844 1.320277777778 1.320277777778 1.320277777778        0.0369869892575415        0.0001840596691355
   26.1930309080072483 1.131666666667 1.131666666667 1.131666666667        0.0511969582540674        0.0001910075167738
   26.5197149353237123 0.943055555556 0.943055555556 0.943055555556        0.1004130290765975        0.0002805946067455
   26.8463989626401762 0.754444444444 0.754444444444 0.754444444444        0.3867598107864816        0.0007006873797990
   27.1730829899566402 0.565833333333 0.565833333333 0.565833333333        1.5989309666853000        0.0020485746209729
   27.4997670172731041 0.377222222222 0.377222222222 0.377222222222        3.1746947936724417        0.0033267655651873
   27.8264510445895681 0.188611111111 0.188611111111 0.188611111111        2.6473793404940835        0.0023516348520894
   28.1531350719060320 0.000000000000 0.000000000000 0.000000000000        1.8205997745494245        0.0013972097567072
