    0.0000000000000000     0.0000000000000000     0.0000000000000000     0.0000000000000000     1.2214473090395792     0.0002697656204962
    0.3361343750000000     0.0000000000000000     0.0000000000000000     0.3361343750000000     1.4824930606936209     0.0003965142334147
    0.6722687500000000     0.0000000000000000     0.0000000000000000     0.6722687500000000     1.3769820366205709     0.0008789731602718
    1.0084031250000001     0.0000000000000000     0.0000000000000000     1.0084031250000001     0.6548188525761356     0.0005763462060373
    1.3445374999999999     0.0000000000000000     0.0000000000000000     1.3445374999999999     0.1698291547899513     0.0001586733454861
    1.6806718749999998     0.0000000000000000     0.0000000000000000     1.6806718750000000     0.0346521624751407     0.0000617173618516
    2.0168062499999997     0.0000000000000000     0.0000000000000000     2.0168062500000001     0.0124197287353622     0.0000362608501551
    2.3529406249999996     0.0000000000000000     0.0000000000000000     2.3529406250000000     0.0119525115353519     0.0000580330854249
    2.6890749999999994     0.0000000000000000     0.0000000000000000     2.6890749999999999     0.0189934145767276     0.0000903845663460
    3.0252093749999993     0.0000000000000000     0.0000000000000000     3.0252093750000002     0.0345643641205717     0.0001339569421706
    3.3613437499999992     0.0000000000000000     0.0000000000000000     3.3613437500000001     0.0651723181404728     0.0001265675236081
    3.6974781249999991     0.0000000000000000     0.0000000000000000     3.6974781249999999     0.1201266507763102     0.0001499552227936
    4.0336124999999994     0.0000000000000000     0.0000000000000000     4.0336125000000003     0.1977570126756575     0.0001747144484388
    4.3697468749999997     0.0000000000000000     0.0000000000000000     4.3697468749999997     0.2604302509370476     0.0002180722753449
    4.7058812500000000     0.0000000000000000     0.0000000000000000     4.7058812500000000     0.2484462601059383     0.0003999269441825
    5.0420156250000003     0.0000000000000000     0.0000000000000000     5.0420156250000003     0.1666753598740192     0.0003221956194565
    5.3781500000000007     0.0000000000000000     0.0000000000000000     5.3781499999999998     0.1166581679948183     0.0001228913953454
    5.7142843750000010     0.0000000000000000     0.0000000000000000     5.7142843750000001     0.1665526654924458     0.0003004229288327
    6.0504187500000013     0.0000000000000000     0.0000000000000000     6.0504187500000004     0.2482646026496392     0.0004871641325526
    6.3865531250000016     0.0000000000000000     0.0000000000000000     6.3865531249999998     0.2604556184749967     0.0004633984142884
    6.7226875000000019     0.0000000000000000     0.0000000000000000     6.7226875000000001     0.1980177245875300     0.0002656025874829
    7.0588218750000022     0.0000000000000000     0.0000000000000000     7.0588218749999996     0.1203518136851579     0.0000983101560346
    7.3949562500000026     0.0000000000000000     0.0000000000000000     7.3949562499999999     0.0652815266276599     0.0000635451537007
    7.7310906250000029     0.0000000000000000     0.0000000000000000     7.7310906250000002     0.0346507807729873     0.0000540852365850
    8.0672250000000023     0.0000000000000000     0.0000000000000000     8.0672250000000005     0.0190662085488829     0.0000372466138164
    8.4033593750000026     0.0000000000000000     0.0000000000000000     8.4033593750000009     0.0120028430878726     0.0000231965720022
    8.7394937500000029     0.0000000000000000     0.0000000000000000     8.7394937499999994     0.0124270062863798     0.0000178337658024
    9.0756281250000033     0.0000000000000000     0.0000000000000000     9.0756281249999997     0.0346324788462373     0.0000761374006600
    9.4117625000000036     0.0000000000000000     0.0000000000000000     9.4117625000000000     0.1699321509712675     0.0002587783462738
    9.7478968750000039     0.0000000000000000     0.0000000000000000     9.7478968750000003     0.6549543252276859     0.0002953288375919
   10.0840312500000042     0.0000000000000000     0.0000000000000000    10.0840312500000007     1.3769416195184259     0.0005560087935744
   10.4201656250000045     0.0000000000000000     0.0000000000000000    10.4201656249999992     1.4823459601467874     0.0007695042874754
   10.7563000000000049     0.0000000000000000     0.0000000000000000     0.0000000000000000     1.2214473090395792     0.0002697656204962
   11.2316657919048080     0.3361343750000000     0.3361343750000000     0.0000000000000000     1.5472881548705666     0.0002789434673690
   11.7070315838096111     0.6722687500000000     0.6722687500000000     0.0000000000000000     0.7807071692800208     0.0002720841252298
   12.1823973757144142     1.0084031250000001     1.0084031250000001     0.0000000000000000     0.1148732232886258     0.0000807805702217
   12.6577631676192173     1.3445374999999999     1.3445374999999999     0.0000000000000000     0.0132737666274994     0.0000406664890497
   13.1331289595240204     1.6806718750000000     1.6806718750000000     0.0000000000000000     0.0046297055751205     0.0000275658915985
   13.6084947514288235     2.0168062500000001     2.0168062500000001     0.0000000000000000     0.0039506070624570     0.0000293600448772
   14.0838605433336266     2.3529406250000000     2.3529406250000000     0.0000000000000000     0.0042124796994072     0.0000270660589166
   14.5592263352384297     2.6890749999999999     2.6890749999999999     0.0000000000000000     0.0043475801141261     0.0000228017962899
   15.0345921271432328     3.0252093750000002     3.0252093750000002     0.0000000000000000     0.0041958834030905     0.0000200256572898
   15.5099579190480359     3.3613437500000001     3.3613437500000001     0.0000000000000000     0.0039324417634425     0.0000225939320225
   15.9853237109528390     3.6974781249999999     3.6974781249999999     0.0000000000000000     0.0046100164774066     0.0000278226486542
   16.4606895028576439     4.0336125000000003     4.0336125000000003     0.0000000000000000     0.0132573828560639     0.0000483133800966
   16.9360552947624470     4.3697468749999997     4.3697468749999997     0.0000000000000000     0.1148154744713354     0.0000644268527740
   17.4114210866672501     4.7058812500000000     4.7058812500000000     0.0000000000000000     0.7803006528443159     0.0002674626300485
   17.8867868785720532     5.0420156250000003     5.0420156250000003     0.0000000000000000     1.5468506954643624     0.0006413462737983
   18.3621526704768563     5.3781499999999998     5.3781499999999998     0.0000000000000000     1.2214473090395792     0.0002697656204962
   18.8375184623816594     5.7142843750000001     5.7142843750000001     0.0000000000000000     1.5472881548705666     0.0002789434673690
   19.3128842542864625     6.0504187500000004     6.0504187500000004     0.0000000000000000     0.7807071692800208     0.0002720841252298
   19.7882500461912656     6.3865531249999998     6.3865531249999998     0.0000000000000000     0.1148732232886258     0.0000807805702217
   20.2636158380960687     6.7226875000000001     6.7226875000000001     0.0000000000000000     0.0132737666274994     0.0000406664890497
   20.7389816300008718     7.0588218749999996     7.0588218749999996     0.0000000000000000     0.0046297055751205     0.0000275658915985
   21.2143474219056749     7.3949562499999999     7.3949562499999999     0.0000000000000000     0.0039506070624570     0.0000293600448772
   21.6897132138104780     7.7310906250000002     7.7310906250000002     0.0000000000000000     0.0042124796994072     0.0000270660589166
   22.1650790057152811     8.0672250000000005     8.0672250000000005     0.0000000000000000     0.0043475801141261     0.0000228017962899
   22.6404447976200842     8.4033593750000009     8.4033593750000009     0.0000000000000000     0.0041958834030905     0.0000200256572898
   23.1158105895248873     8.7394937499999994     8.7394937499999994     0.0000000000000000     0.0039324417634425     0.0000225939320225
   23.5911763814296904     9.0756281249999997     9.0756281249999997     0.0000000000000000     0.0046100164774066     0.0000278226486542
   24.0665421733344935     9.4117625000000000     9.4117625000000000     0.0000000000000000     0.0132573828560639     0.0000483133800966
   24.5419079652392966     9.7478968750000003     9.7478968750000003     0.0000000000000000     0.1148154744713354     0.0000644268527740
   25.0172737571440997    10.0840312500000007    10.0840312500000007     0.0000000000000000     0.7803006528443159     0.0002674626300485
   25.4926395490489028    10.4201656249999992    10.4201656249999992     0.0000000000000000     1.5468506954643624     0.0006413462737983
   25.9680053409537059     0.0000000000000000     0.0000000000000000     0.0000000000000000     1.2214473090395792     0.0002697656204962
   26.5502071566241149    10.4201656249999992    10.4201656249999992    10.4201656249999992     1.4942228332824998     0.0008489907469130
   27.1324089722945239    10.0840312500000007    10.0840312500000007    10.0840312500000007     0.3728463931432226     0.0003026821715925
   27.7146107879649328     9.7478968750000003     9.7478968750000003     9.7478968750000003     0.0243965643547708     0.0000222097953656
   28.2968126036353418     9.4117625000000000     9.4117625000000000     9.4117625000000000     0.0040420152483383     0.0000234832182667
   28.8790144193057507     9.0756281249999997     9.0756281249999997     9.0756281249999997     0.0024544942150166     0.0000177021231319
   29.4612162349761597     8.7394937499999994     8.7394937499999994     8.7394937499999994     0.0021485520725593     0.0000119080587635
   30.0434180506465687     8.4033593750000009     8.4033593750000009     8.4033593750000009     0.0018559728214566     0.0000083434823816
   30.6256198663169776     8.0672250000000005     8.0672250000000005     8.0672250000000005     0.0016742810731359     0.0000095934841822
   31.2078216819873866     7.7310906250000002     7.7310906250000002     7.7310906250000002     0.0020516151132643     0.0000087160725696
   31.7900234976577956     7.3949562499999999     7.3949562499999999     7.3949562499999999     0.0041250648100895     0.0000178213370273
   32.3722253133282081     7.0588218749999996     7.0588218749999996     7.0588218749999996     0.0112280677030775     0.0000206382978824
   32.9544271289986170     6.7226875000000001     6.7226875000000001     6.7226875000000001     0.0343474389962034     0.0000496582285030
   33.5366289446690260     6.3865531249999998     6.3865531249999998     6.3865531249999998     0.1056718022179396     0.0001856571180456
   34.1188307603394350     6.0504187500000004     6.0504187500000004     6.0504187500000004     0.2367952126894120     0.0002512528948999
   34.7010325760098439     5.7142843750000001     5.7142843750000001     5.7142843750000001     0.2303357273216367     0.0003368278953117
   35.2832343916802529     5.3781499999999998     5.3781499999999998     5.3781499999999998     0.1166581679948183     0.0001228913953454
   35.8654362073506618     5.0420156250000003     5.0420156250000003     5.0420156250000003     0.2303829883193679     0.0005277828375184
   36.4476380230210708     4.7058812500000000     4.7058812500000000     4.7058812500000000     0.2367421757153018     0.0005062236497883
   37.0298398386914798     4.3697468749999997     4.3697468749999997     4.3697468749999997     0.1057024303752271     0.0001549093512190
   37.6120416543618887     4.0336125000000003     4.0336125000000003     4.0336125000000003     0.0343553557982199     0.0000867520145404
   38.1942434700322977     3.6974781249999999     3.6974781249999999     3.6974781249999999     0.0112627886838620     0.0000220234799812
   38.7764452857027067     3.3613437500000001     3.3613437500000001     3.3613437500000001     0.0041313459965425     0.0000270887344581
   39.3586471013731156     3.0252093750000002     3.0252093750000002     3.0252093750000002     0.0020567415559070     0.0000181112337229
   39.9408489170435246     2.6890749999999999     2.6890749999999999     2.6890749999999999     0.0016731335689529     0.0000100634027367
   40.5230507327139335     2.3529406250000000     2.3529406250000000     2.3529406250000000     0.0018532421838603     0.0000100459005229
   41.1052525483843425     2.0168062500000001     2.0168062500000001     2.0168062500000001     0.0021459487554736     0.0000081353345795
   41.6874543640547515     1.6806718750000000     1.6806718750000000     1.6806718750000000     0.0024534895055043     0.0000112689296100
   42.2696561797251604     1.3445374999999999     1.3445374999999999     1.3445374999999999     0.0040441953428252     0.0000100308364317
   42.8518579953955694     1.0084031250000001     1.0084031250000001     1.0084031250000001     0.0244386379259576     0.0000370062894344
   43.4340598110659784     0.6722687500000000     0.6722687500000000     0.6722687500000000     0.3725066678319106     0.0002598414216945
   44.0162616267363873     0.3361343750000000     0.3361343750000000     0.3361343750000000     1.4941954570325335     0.0002872142836814
   44.5984634424067963     0.0000000000000000     0.0000000000000000     0.0000000000000000     1.2214473090395792     0.0002697656204962
