    0.0000000000000000     0.0000000000000000     0.0000000000000000     0.0000000000000000     0.0869685875395013     0.0001355229659172
    0.4276286250000000     0.0000000000000000     0.0000000000000000     0.4276286250000000     0.0828358349296007     0.0001332307681434
    0.8552572500000001     0.0000000000000000     0.0000000000000000     0.8552572500000000     0.0716564234298216     0.0001241229297418
    1.2828858750000001     0.0000000000000000     0.0000000000000000     1.2828858750000001     0.0569225876120662     0.0001340935637816
    1.7105145000000002     0.0000000000000000     0.0000000000000000     1.7105144999999999     0.0431666382638577     0.0001218215872432
    2.1381431250000000     0.0000000000000000     0.0000000000000000     2.1381431250000000     0.0325748858695880     0.0000912852429883
    2.5657717500000001     0.0000000000000000     0.0000000000000000     2.5657717500000001     0.0244542413203845     0.0000739211710045
    2.9934003750000002     0.0000000000000000     0.0000000000000000     2.9934003749999998     0.0180415339783708     0.0000617587550643
    3.4210290000000003     0.0000000000000000     0.0000000000000000     3.4210289999999999     0.0131206823897056     0.0000450108886867
    3.8486576250000004     0.0000000000000000     0.0000000000000000     3.8486576250000000     0.0095169313591718     0.0000334376374327
    4.2762862500000001     0.0000000000000000     0.0000000000000000     4.2762862500000001     0.0071243759542834     0.0000275100668433
    4.7039148749999997     0.0000000000000000     0.0000000000000000     4.7039148749999997     0.0058154524725791     0.0000239296984370
    5.1315434999999994     0.0000000000000000     0.0000000000000000     5.1315435000000003     0.0054089479315700     0.0000232914507731
    5.5591721249999990     0.0000000000000000     0.0000000000000000     5.5591721249999999     0.0058154524747805     0.0000239296311409
    5.9868007499999987     0.0000000000000000     0.0000000000000000     5.9868007499999996     0.0071243759684235     0.0000275099517457
    6.4144293749999983     0.0000000000000000     0.0000000000000000     6.4144293750000001     0.0095169314031621     0.0000334374917605
    6.8420579999999980     0.0000000000000000     0.0000000000000000     6.8420579999999998     0.0131206824897785     0.0000450107254563
    7.2696866249999976     0.0000000000000000     0.0000000000000000     7.2696866250000003     0.0180415341761866     0.0000617586600910
    7.6973152499999973     0.0000000000000000     0.0000000000000000     7.6973152499999999     0.0244542416806666     0.0000739213188134
    8.1249438749999978     0.0000000000000000     0.0000000000000000     8.1249438749999996     0.0325748864524803     0.0000912856730980
    8.5525724999999984     0.0000000000000000     0.0000000000000000     8.5525725000000001     0.0431666390753079     0.0001218222068605
    8.9802011249999989     0.0000000000000000     0.0000000000000000     8.9802011250000007     0.0569225885610001     0.0001340943827143
    9.4078297499999994     0.0000000000000000     0.0000000000000000     9.4078297499999994     0.0716564243195090     0.0001241237968826
    9.8354583750000000     0.0000000000000000     0.0000000000000000     9.8354583750000000     0.0828358354881542     0.0001332308609635
   10.2630870000000005     0.0000000000000000     0.0000000000000000     0.0000000000000000     0.0869685875395013     0.0001355229659172
   10.8678452011339584     0.4276286250000000     0.4276286250000000     0.0000000000000000     0.0839772785710810     0.0001807813407351
   11.4726034022679162     0.8552572500000000     0.8552572500000000     0.0000000000000000     0.0685209951498192     0.0001941695960347
   12.0773616034018740     1.2828858750000001     1.2828858750000001     0.0000000000000000     0.0560292317738412     0.0001653671726578
   12.6821198045358319     1.7105144999999999     1.7105144999999999     0.0000000000000000     0.0685481379757300     0.0001615227356457
   13.2868780056697897     2.1381431250000000     2.1381431250000000     0.0000000000000000     0.0840328297800640     0.0001669230576922
   13.8916362068037476     2.5657717500000001     2.5657717500000001     0.0000000000000000     0.0869078384025470     0.0001806408728218
   14.4963944079377054     2.9934003749999998     2.9934003749999998     0.0000000000000000     0.0840328304985505     0.0001669243735604
   15.1011526090716632     3.4210289999999999     3.4210289999999999     0.0000000000000000     0.0685481389681142     0.0001615225748140
   15.7059108102056211     3.8486576250000000     3.8486576250000000     0.0000000000000000     0.0560292325976171     0.0001653658188893
   16.3106690113395807     4.2762862500000001     4.2762862500000001     0.0000000000000000     0.0685209958851407     0.0001941682567687
   16.9154272124735385     4.7039148749999997     4.7039148749999997     0.0000000000000000     0.0839772791575630     0.0001807805439086
   17.5201854136074964     5.1315435000000003     5.1315435000000003     0.0000000000000000     0.0869685875395013     0.0001355229659172
   18.1249436147414542     5.5591721249999999     5.5591721249999999     0.0000000000000000     0.0839772785710810     0.0001807813407351
   18.7297018158754121     5.9868007499999996     5.9868007499999996     0.0000000000000000     0.0685209951498192     0.0001941695960347
   19.3344600170093699     6.4144293750000001     6.4144293750000001     0.0000000000000000     0.0560292317738412     0.0001653671726578
   19.9392182181433277     6.8420579999999998     6.8420579999999998     0.0000000000000000     0.0685481379757300     0.0001615227356457
   20.5439764192772856     7.2696866250000003     7.2696866250000003     0.0000000000000000     0.0840328297800640     0.0001669230576922
   21.1487346204112434     7.6973152499999999     7.6973152499999999     0.0000000000000000     0.0869078384025470     0.0001806408728218
   21.7534928215452013     8.1249438749999996     8.1249438749999996     0.0000000000000000     0.0840328304985505     0.0001669243735604
   22.3582510226791591     8.5525725000000001     8.5525725000000001     0.0000000000000000     0.0685481389681142     0.0001615225748140
   22.9630092238131169     8.9802011250000007     8.9802011250000007     0.0000000000000000     0.0560292325976171     0.0001653658188893
   23.5677674249470748     9.4078297499999994     9.4078297499999994     0.0000000000000000     0.0685209958851407     0.0001941682567687
   24.1725256260810326     9.8354583750000000     9.8354583750000000     0.0000000000000000     0.0839772791575630     0.0001807805439086
   24.7772838272149905     0.0000000000000000     0.0000000000000000     0.0000000000000000     0.0869685875395013     0.0001355229659172
   25.5179583324858079     9.8354583750000000     9.8354583750000000     9.8354583750000000     0.0857882262887839     0.0001939464349961
   26.2586328377566254     9.4078297499999994     9.4078297499999994     9.4078297499999994     0.0350742146704891     0.0001105667537575
   26.9993073430274428     8.9802011250000007     8.9802011250000007     8.9802011250000007     0.0014570920502152     0.0000060331074142
   27.7399818482982603     8.5525725000000001     8.5525725000000001     8.5525725000000001     0.0238471291150573     0.0000733407195929
   28.4806563535690778     8.1249438749999996     8.1249438749999996     8.1249438749999996     0.0451929832987497     0.0001221393954346
   29.2213308588398952     7.6973152499999999     7.6973152499999999     7.6973152499999999     0.0244031489404806     0.0000599360022383
   29.9620053641107127     7.2696866250000003     7.2696866250000003     7.2696866250000003     0.0095290323498554     0.0000285612562014
   30.7026798693815302     6.8420579999999998     6.8420579999999998     6.8420579999999998     0.0042410222830221     0.0000148109595529
   31.4433543746523476     6.4144293750000001     6.4144293750000001     6.4144293750000001     0.0031540906253343     0.0000150428322437
   32.1840288799231686     5.9868007499999996     5.9868007499999996     5.9868007499999996     0.0037547392364539     0.0000188547051023
   32.9247033851939861     5.5591721249999999     5.5591721249999999     5.5591721249999999     0.0048502042249505     0.0000241714336590
   33.6653778904648036     5.1315435000000003     5.1315435000000003     5.1315435000000003     0.0054089479315700     0.0000232914507731
   34.4060523957356210     4.7039148749999997     4.7039148749999997     4.7039148749999997     0.0048502041819291     0.0000241715074942
   35.1467269010064385     4.2762862500000001     4.2762862500000001     4.2762862500000001     0.0037547391768031     0.0000188547202162
   35.8874014062772559     3.8486576250000000     3.8486576250000000     3.8486576250000000     0.0031540905829071     0.0000150428706615
   36.6280759115480734     3.4210289999999999     3.4210289999999999     3.4210289999999999     0.0042410222495432     0.0000148109168251
   37.3687504168188909     2.9934003749999998     2.9934003749999998     2.9934003749999998     0.0095290322423707     0.0000285611796383
   38.1094249220897083     2.5657717500000001     2.5657717500000001     2.5657717500000001     0.0244031485033874     0.0000599361508145
   38.8500994273605258     2.1381431250000000     2.1381431250000000     2.1381431250000000     0.0451929823935068     0.0001221389797598
   39.5907739326313433     1.7105144999999999     1.7105144999999999     1.7105144999999999     0.0238471286074054     0.0000733401106187
   40.3314484379021607     1.2828858750000001     1.2828858750000001     1.2828858750000001     0.0014570919906606     0.0000060331074142
   41.0721229431729782     0.8552572500000000     0.8552572500000000     0.8552572500000000     0.0350742139967215     0.0001105664655565
   41.8127974484437956     0.4276286250000000     0.4276286250000000     0.4276286250000000     0.0857882252671450     0.0001939462957674
   42.5534719537146131     0.0000000000000000     0.0000000000000000     0.0000000000000000     0.0869685875395013     0.0001355229659172
